0,0,0
0.00530564,0.00530564,0.02
0.0148134,0.0159806,0.04
0.0276103,0.0321415,0.06
0.0429469,0.0539392,0.08
0.0602128,0.0815444,0.1
0.0789149,0.115137,0.12
0.0986587,0.154896,0.14
0.119132,0.200999,0.16
0.140089,0.253613,0.18
0.161343,0.312893,0.2
0.182749,0.378982,0.22
0.204201,0.45201,0.24
0.225621,0.532094,0.26
0.246956,0.619336,0.28
0.268168,0.713827,0.3
0.289237,0.815647,0.32
0.310151,0.924864,0.34
0.330907,1.04154,0.36
0.351506,1.16572,0.38
0.371956,1.29744,0.4
0.392266,1.43675,0.42
0.412445,1.58368,0.44
0.432507,1.73824,0.46
0.452462,1.90047,0.48
0.472322,2.07037,0.5
0.492098,2.24796,0.52
0.511801,2.43325,0.54
0.531441,2.62624,0.56
0.551026,2.82696,0.58
0.570233,3.03506,0.6
0.586731,3.24815,0.62
0.597527,3.46263,0.64
0.599841,3.67441,0.66
0.595167,3.88297,0.68
0.585073,4.08801,0.7
0.570841,4.28922,0.72
0.553507,4.48624,0.74
0.533905,4.67872,0.76
0.512695,4.8663,0.78
0.490397,5.04865,0.8
0.467414,5.22546,0.82
0.444053,5.39643,0.84
0.420546,5.56131,0.86
0.39706,5.71986,0.88
0.373715,5.87185,0.9
0.350592,6.01712,0.92
0.327742,6.1555,0.94
0.305193,6.28684,0.96
0.282955,6.41102,0.98
0.261027,6.52794,1
0.239398,6.63751,1.02
0.218052,6.73967,1.04
0.196968,6.83433,1.06
0.176124,6.92146,1.08
0.155497,7.00101,1.1
0.135063,7.07295,1.12
0.114802,7.13724,1.14
0.09469,7.19387,1.16
0.0747093,7.24281,1.18
0.0548416,7.28406,1.2
0.0350707,7.31759,1.22
0.0153823,7.34341,1.24
-0.00423649,7.36151,1.26
-0.0237967,7.37187,1.28
-0.0433083,7.3745,1.3
-0.0627794,7.3694,1.32
-0.0822174,7.35656,1.34
-0.101628,7.33598,1.36
-0.121018,7.30767,1.38
-0.140389,7.27162,1.4
-0.159747,7.22783,1.42
-0.179094,7.1763,1.44
-0.198433,7.11703,1.46
-0.217765,7.05003,1.48
-0.237092,6.97529,1.5
-0.256416,6.89282,1.52
-0.275738,6.80262,1.54
-0.295058,6.70467,1.56
-0.314377,6.599,1.58
-0.333695,6.48559,1.6
-0.353014,6.36445,1.62
-0.371429,6.23648,1.64
-0.387047,6.10378,1.66
-0.397767,5.96907,1.68
-0.401782,5.83532,1.7
-0.398462,5.70479,1.72
-0.389435,5.57774,1.74
-0.376032,5.45449,1.76
-0.359333,5.33538,1.78
-0.340208,5.22077,1.8
-0.319349,5.11099,1.82
-0.297301,5.0064,1.84
-0.27449,4.9073,1.86
-0.251238,4.81398,1.88
-0.227793,4.72672,1.9
-0.204334,4.64576,1.92
-0.18099,4.5713,1.94
-0.15785,4.50355,1.96
-0.134969,4.44266,1.98
-0.112381,4.38878,2
-0.0900992,4.34203,2.02
-0.0681257,4.30253,2.04
-0.0464514,4.27036,2.06
-0.0250612,4.2456,2.08
-0.00393562,4.22832,2.1
0.0169471,4.21856,2.12
0.0376098,4.21637,2.14
0.0580754,4.22179,2.16
0.0783662,4.23485,2.18
0.0985033,4.25557,2.2
0.118507,4.28397,2.22
0.138394,4.32007,2.24
0.158104,4.36379,2.26
0.176705,4.41419,2.28
0.192934,4.46977,2.3
0.20555,4.52875,2.32
0.213555,4.58929,2.34
0.216313,4.6496,2.36
0.213581,4.7081,2.38
0.205498,4.76343,2.4
0.192895,4.81488,2.42
0.17687,4.86213,2.44
0.158308,4.90485,2.46
0.137916,4.9427,2.48
0.116254,4.97535,2.5
0.0937562,5.00249,2.52
0.0709951,5.02407,2.54
0.048644,5.0403,2.56
0.0273821,5.05159,2.58
0.0078233,5.05846,2.6
-0.00952893,5.06153,2.62
-0.0243078,5.06146,2.64
-0.036292,5.05889,2.66
-0.0454026,5.05445,2.68
-0.0516898,5.04872,2.7
-0.0553141,5.04221,2.72
-0.0565238,5.03537,2.74
-0.0556307,5.02854,2.76
-0.0529867,5.02203,2.78
-0.0489616,5.01603,2.8
-0.0439243,5.01071,2.82
-0.0382262,5.00614,2.84
-0.0321889,5.00236,2.86
-0.026095,4.99936,2.88
-0.0201826,4.99711,2.9
-0.0146422,4.99553,2.92
-0.00961712,4.99455,2.94
-0.00520507,4.99408,2.96
-0.00146225,4.99403,2.98
0.00159187,4.9943,3
0.00396885,4.99481,3.02
0.00570526,4.99547,3.04
0.00685661,4.99622,3.06
0.00749165,4.99701,3.08
0.00768702,4.99778,3.1
0.00752261,4.9985,3.12
0.00707763,4.99915,3.14
0.00642742,4.9997,3.16
0.00564102,5.00015,3.18
0.00477949,5.0005,3.2
0.00389489,5.00075,3.22
0.0030298,5.00092,3.24
0.00221738,5.001,3.26
0.00148185,5.00102,3.28
0.000839166,5.00098,3.3
0.000298017,5.0009,3.32
-0.000139103,5.00079,3.34
-0.000474758,5.00067,3.36
-0.00071544,5.00054,3.38
-0.000870488,5.0004,3.4
-0.000951099,5.00027,3.42
-0.000969456,5.00016,3.44
-0.000937989,5.00006,3.46
-0.000868772,4.99997,3.48
-0.000773056,4.99991,3.5
-0.000660941,4.99986,3.52
-0.000541152,4.99982,3.54
-0.000420936,4.9998,3.56
-0.000306039,4.9998,3.58
-0.000200754,4.9998,3.6
-0.000108027,4.99981,3.62
-2.96061e-05,4.99983,3.64
3.37958e-05,4.99985,3.66
8.23151e-05,4.99988,3.68
0.000116756,4.9999,3.7
0.000138416,4.99993,3.72
0.000148922,4.99995,3.74
0.000150086,4.99997,3.76
0.000143785,4.99999,3.78
0.000131859,5,3.8
0.000116033,5.00002,3.82
9.78589e-05,5.00003,3.84
7.86812e-05,5.00003,3.86
5.96153e-05,5.00003,3.88
4.15426e-05,5.00004,3.9
2.51177e-05,5.00003,3.92
1.07838e-05,5.00003,3.94
-1.2045e-06,5.00003,3.96
-1.07547e-05,5.00003,3.98
-1.79076e-05,5.00002,4
-2.28084e-05,5.00002,4.02
-2.56784e-05,5.00001,4.04
-2.67895e-05,5.00001,4.06
-2.64409e-05,5.00001,4.08
-2.494e-05,5,4.1
-2.25861e-05,5,4.12
-1.96582e-05,5,4.14
-1.6406e-05,5,4.16
-1.30443e-05,5,4.18
-9.75004e-06,4.99999,4.2
-6.66164e-06,4.99999,4.22
-3.88029e-06,4.99999,4.24
-1.4728e-06,4.99999,4.26
5.24632e-07,5,4.28
2.10192e-06,5,4.3
3.27037e-06,5,4.32
4.05783e-06,5,4.34
4.50412e-06,5,4.36
4.65677e-06,5,4.38
4.56733e-06,5,4.4
4.28812e-06,5,4.42
3.86976e-06,5,4.44
3.35911e-06,5,4.46
2.79789e-06,5,4.48
2.2218e-06,5,4.5
1.6601e-06,5,4.52
1.13551e-06,5,4.54
6.64536e-07,5,4.56
2.57903e-07,5,4.58
-7.87404e-08,5,4.6
-3.44079e-07,5,4.62
-5.4032e-07,5,4.64
-6.72386e-07,5,4.66
-7.47148e-07,5,4.68
-7.72714e-07,5,4.7
-7.57813e-07,5,4.72
-7.11272e-07,5,4.74
-6.4159e-07,5,4.76
-5.56615e-07,5,4.78
-4.63316e-07,5,4.8
-3.6764e-07,5,4.82
-2.74448e-07,5,4.84
-1.87506e-07,5,4.86
-1.09536e-07,5,4.88
-4.23011e-08,5,4.9
1.3283e-08,5,4.92
5.70192e-08,5,4.94
8.92931e-08,5,4.96
1.10938e-07,5,4.98
1.23107e-07,5,5
1.27154e-07,5,5.02
1.24534e-07,5,5.04
1.16714e-07,5,5.06
1.05104e-07,5,5.08
9.10016e-08,5,5.1
7.55595e-08,5,5.12
5.9758e-08,5,5.14
4.43963e-08,5,5.16
3.00923e-08,5,5.18
1.72904e-08,5,5.2
6.27635e-09,5,5.22
-2.80397e-09,5,5.24
-9.92297e-09,5,5.26
-1.51488e-08,5,5.28
-1.86231e-08,5,5.3
-2.05391e-08,5,5.32
-2.11232e-08,5,5.34
-2.0617e-08,5,5.36
-1.92636e-08,5,5.38
-1.72963e-08,5,5.4
-1.49293e-08,5,5.42
-1.23521e-08,5,5.44
-9.7256e-09,5,5.46
-7.18068e-09,5,5.48
-4.81795e-09,5,5.5
-2.70941e-09,5,5.52
-9.00839e-10,5,5.54
5.84994e-10,5,5.56
1.74476e-09,5,5.58
2.59079e-09,5,5.6
3.14738e-09,5,5.62
3.44721e-09,5,5.64
3.5282e-09,5,5.66
3.43071e-09,5,5.68
3.19516e-09,5,5.7
2.86017e-09,5,5.72
2.46116e-09,5,5.74
2.02937e-09,5,5.76
1.59125e-09,5,5.78
1.1682e-09,5,5.8
7.76636e-10,5,5.82
4.28212e-10,5,5.84
1.30254e-10,5,5.86
-1.13708e-10,5,5.88
-3.03333e-10,5,5.9
-4.4085e-10,5,5.92
-5.30431e-10,5,5.94
-5.77613e-10,5,5.96
-5.88763e-10,5,5.98
-5.70625e-10,5,6
-5.2993e-10,5,6.02
-4.73088e-10,5,6.04
-4.05963e-10,5,6.06
-3.33708e-10,5,6.08
-2.60677e-10,5,6.1
-1.90379e-10,5,6.12
-1.25495e-10,5,6.14
-6.79137e-11,5,6.16
-1.88104e-11,5,6.18
2.12668e-11,5,6.2
5.22948e-11,5,6.22
7.46707e-11,5,6.24
8.91092e-11,5,6.26
9.65459e-11,5,6.28
9.80492e-11,5,6.3
9.47454e-11,5,6.32
8.77544e-11,5,6.34
7.81401e-11,5,6.36
6.68727e-11,5,6.38
5.48028e-11,5,6.4
4.26465e-11,5,6.42
3.09799e-11,5,6.44
2.02402e-11,5,6.46
1.07343e-11,5,6.48
2.65017e-12,5,6.5
-3.92702e-12,5,6.52
-8.99869e-12,5,6.54
-1.26351e-11,5,6.56
-1.49583e-11,5,6.58
-1.61261e-11,5,6.6
-1.63176e-11,5,6.62
-1.57207e-11,5,6.64
-1.45216e-11,5,6.66
-1.28968e-11,5,6.68
-1.10067e-11,5,6.7
-8.99154e-12,5,6.72
-6.96919e-12,5,6.74
-5.03401e-12,5,6.76
-3.25735e-12,5,6.78
-1.68891e-12,5,6.8
-3.5882e-13,5,6.82
7.19822e-13,5,6.84
1.54809e-12,5,6.86
2.13836e-12,5,6.88
2.51144e-12,5,6.9
2.69394e-12,5,6.92
2.71586e-12,5,6.94
2.60855e-12,5,6.96
2.40296e-12,5,6.98
2.12834e-12,5,7
1.81122e-12,5,7.02
1.47472e-12,5,7.04
1.13822e-12,5,7.06
8.17189e-13,5,7.08
5.2326e-13,5,7.1
2.6448e-13,5,7.12
4.56639e-14,5,7.14
-1.31179e-13,5,7.16
-2.66369e-13,5,7.18
-3.62084e-13,5,7.2
-4.21869e-13,5,7.22
-4.5021e-13,5,7.24
-4.52141e-13,5,7.26
-4.32896e-13,5,7.28
-3.97626e-13,5,7.3
-3.51182e-13,5,7.32
-2.97951e-13,5,7.34
-2.41746e-13,5,7.36
-1.85751e-13,5,7.38
-1.32492e-13,5,7.4
-8.38636e-14,5,7.42
-4.1171e-14,5,7.44
-5.18327e-15,5,7.46
2.37913e-14,5,7.48
4.58325e-14,5,7.5
6.133e-14,5,7.52
7.08921e-14,5,7.54
7.52719e-14,5,7.56
7.53181e-14,5,7.58
7.19084e-14,5,7.6
6.58971e-14,5,7.62
5.80847e-14,5,7.64
4.91933e-14,5,7.66
3.98497e-14,5,7.68
3.05727e-14,5,7.7
2.17645e-14,5,7.72
1.37321e-14,5,7.74
6.68755e-15,5,7.76
7.57648e-16,5,7.78
-4.00712e-15,5,7.8
-7.62517e-15,5,7.82
-1.01594e-14,5,7.84
-1.17154e-14,5,7.86
-1.2422e-14,5,7.88
-1.24245e-14,5,7.9
-1.18708e-14,5,7.92
-1.08908e-14,5,7.94
-9.60785e-15,5,7.96
-8.13892e-15,5,7.98
-6.58574e-15,5,8
-5.03721e-15,5,8.02
-3.56236e-15,5,8.04
-2.214e-15,5,8.06
-1.03177e-15,5,8.08
-3.57538e-17,5,8.1
7.6949e-16,5,8.12
1.3826e-15,5,8.14
1.81353e-15,5,8.16
2.08997e-15,5,8.18
2.23539e-15,5,8.2
2.26957e-15,5,8.22
2.21803e-15,5,8.24
2.1016e-15,5,8.26
1.93718e-15,5,8.28
1.74731e-15,5,8.3
1.54989e-15,5,8.32
1.35896e-15,5,8.34
1.18538e-15,5,8.36
1.02846e-15,5,8.38
8.9625e-16,5,8.4
7.85816e-16,5,8.42
6.94491e-16,5,8.44
6.19871e-16,5,8.46
5.5982e-16,5,8.48
5.12453e-16,5,8.5
4.76121e-16,5,8.52
4.49395e-16,5,8.54
4.31043e-16,5,8.56
4.20013e-16,5,8.58
4.15413e-16,5,8.6
4.16489e-16,5,8.62
4.22611e-16,5,8.64
4.33254e-16,5,8.66
4.47987e-16,5,8.68
4.66455e-16,5,8.7
4.8837e-16,5,8.72
5.13502e-16,5,8.74
5.41665e-16,5,8.76
5.72714e-16,5,8.78
5.97534e-16,5,8.8
6.1791e-16,5,8.82
6.35326e-16,5,8.84
6.51004e-16,5,8.86
6.65943e-16,5,8.88
6.80958e-16,5,8.9
6.96701e-16,5,8.92
7.13693e-16,5,8.94
7.32345e-16,5,8.96
7.52976e-16,5,8.98
7.66831e-16,5,9
7.75968e-16,5,9.02
7.82071e-16,5,9.04
7.86508e-16,5,9.06
7.90383e-16,5,9.08
7.85574e-16,5,9.1
7.74648e-16,5,9.12
7.59695e-16,5,9.14
7.42402e-16,5,9.16
7.24119e-16,5,9.18
7.05913e-16,5,9.2
6.88622e-16,5,9.22
6.7289e-16,5,9.24
6.59207e-16,5,9.26
6.47937e-16,5,9.28
6.39345e-16,5,9.3
6.33614e-16,5,9.32
6.30867e-16,5,9.34
6.31178e-16,5,9.36
6.34585e-16,5,9.38
6.41098e-16,5,9.4
6.50711e-16,5,9.42
6.63398e-16,5,9.44
6.7913e-16,5,9.46
6.97869e-16,5,9.48
7.10575e-16,5,9.5
7.1908e-16,5,9.52
7.24892e-16,5,9.54
7.29243e-16,5,9.56
7.33135e-16,5,9.58
7.37369e-16,5,9.6
7.42585e-16,5,9.62
7.49286e-16,5,9.64
7.57862e-16,5,9.66
7.59612e-16,5,9.68
7.56632e-16,5,9.7
7.50637e-16,5,9.72
7.43014e-16,5,9.74
7.3488e-16,5,9.76
7.27121e-16,5,9.78
7.20435e-16,5,9.8
7.15364e-16,5,9.82
7.12324e-16,5,9.84
7.11625e-16,5,9.86
7.13495e-16,5,9.88
7.18097e-16,5,9.9
7.25542e-16,5,9.92
7.359e-16,5,9.94
7.49209e-16,5,9.96
7.56486e-16,5,9.98
